prompt_index,condition,prompt,target,prediction,correct,target_logit
0,full, red green blue yellow red green blue,yellow, blue,0,13.98601245880127
0,induction_ablation, red green blue yellow red green blue,yellow, yellow,1,14.452596664428711
0,random_ablation_0, red green blue yellow red green blue,yellow, yellow,1,15.013374328613281
0,random_ablation_1, red green blue yellow red green blue,yellow, blue,0,13.91275405883789
0,random_ablation_2, red green blue yellow red green blue,yellow, blue,0,14.2056884765625
0,random_ablation_3, red green blue yellow red green blue,yellow, yellow,1,13.86345386505127
0,random_ablation_4, red green blue yellow red green blue,yellow, blue,0,14.14705753326416
1,full, green red yellow white green red yellow,white, green,0,13.43764877319336
1,induction_ablation, green red yellow white green red yellow,white, white,1,14.662137985229492
1,random_ablation_0, green red yellow white green red yellow,white, yellow,0,13.148675918579102
1,random_ablation_1, green red yellow white green red yellow,white, green,0,13.495767593383789
1,random_ablation_2, green red yellow white green red yellow,white, green,0,13.928537368774414
1,random_ablation_3, green red yellow white green red yellow,white, green,0,12.818700790405273
1,random_ablation_4, green red yellow white green red yellow,white, green,0,13.59687614440918
2,full, yellow black red green yellow black red,green, green,1,14.0773344039917
2,induction_ablation, yellow black red green yellow black red,green, green,1,14.405588150024414
2,random_ablation_0, yellow black red green yellow black red,green, green,1,14.388504028320312
2,random_ablation_1, yellow black red green yellow black red,green, green,1,14.04726505279541
2,random_ablation_2, yellow black red green yellow black red,green, green,1,14.361995697021484
2,random_ablation_3, yellow black red green yellow black red,green, green,1,13.48573112487793
2,random_ablation_4, yellow black red green yellow black red,green, green,1,14.211526870727539
3,full, yellow black green white yellow black green,white, white,1,14.359480857849121
3,induction_ablation, yellow black green white yellow black green,white, white,1,14.055973052978516
3,random_ablation_0, yellow black green white yellow black green,white, white,1,14.629339218139648
3,random_ablation_1, yellow black green white yellow black green,white, white,1,14.335349082946777
3,random_ablation_2, yellow black green white yellow black green,white, white,1,14.797357559204102
3,random_ablation_3, yellow black green white yellow black green,white, white,1,13.808534622192383
3,random_ablation_4, yellow black green white yellow black green,white, white,1,14.46894645690918
4,full, black yellow white red black yellow white,red, red,1,14.254350662231445
4,induction_ablation, black yellow white red black yellow white,red, red,1,14.866690635681152
4,random_ablation_0, black yellow white red black yellow white,red, red,1,14.407400131225586
4,random_ablation_1, black yellow white red black yellow white,red, red,1,14.17228889465332
4,random_ablation_2, black yellow white red black yellow white,red, red,1,14.594442367553711
4,random_ablation_3, black yellow white red black yellow white,red, red,1,13.299345970153809
4,random_ablation_4, black yellow white red black yellow white,red, red,1,14.37312126159668
5,full, red white black blue red white black,blue, blue,1,13.725630760192871
5,induction_ablation, red white black blue red white black,blue, blue,1,14.075759887695312
5,random_ablation_0, red white black blue red white black,blue, black,0,14.371095657348633
5,random_ablation_1, red white black blue red white black,blue, blue,1,13.65025520324707
5,random_ablation_2, red white black blue red white black,blue, blue,1,13.880722045898438
5,random_ablation_3, red white black blue red white black,blue, blue,1,13.45175552368164
5,random_ablation_4, red white black blue red white black,blue, blue,1,13.849234580993652
6,full, blue red white green blue red white,green, red,0,13.745686531066895
6,induction_ablation, blue red white green blue red white,green, green,1,14.153810501098633
6,random_ablation_0, blue red white green blue red white,green, blue,0,13.10801887512207
6,random_ablation_1, blue red white green blue red white,green, green,1,13.762162208557129
6,random_ablation_2, blue red white green blue red white,green, red,0,13.94604206085205
6,random_ablation_3, blue red white green blue red white,green, blue,0,13.284502029418945
6,random_ablation_4, blue red white green blue red white,green, red,0,13.91901969909668
7,full, yellow blue white green yellow blue white,green, green,1,13.776681900024414
7,induction_ablation, yellow blue white green yellow blue white,green, green,1,14.285675048828125
7,random_ablation_0, yellow blue white green yellow blue white,green, red,0,13.490824699401855
7,random_ablation_1, yellow blue white green yellow blue white,green, green,1,13.840962409973145
7,random_ablation_2, yellow blue white green yellow blue white,green, green,1,14.02013874053955
7,random_ablation_3, yellow blue white green yellow blue white,green, green,1,13.508766174316406
7,random_ablation_4, yellow blue white green yellow blue white,green, green,1,13.879989624023438
8,full, black green blue yellow black green blue,yellow, yellow,1,14.251880645751953
8,induction_ablation, black green blue yellow black green blue,yellow, yellow,1,14.31789779663086
8,random_ablation_0, black green blue yellow black green blue,yellow, yellow,1,14.99693775177002
8,random_ablation_1, black green blue yellow black green blue,yellow, yellow,1,14.050020217895508
8,random_ablation_2, black green blue yellow black green blue,yellow, yellow,1,14.631006240844727
8,random_ablation_3, black green blue yellow black green blue,yellow, yellow,1,14.020058631896973
8,random_ablation_4, black green blue yellow black green blue,yellow, yellow,1,14.440750122070312
9,full, red white black yellow red white black,yellow, black,0,12.440382957458496
9,induction_ablation, red white black yellow red white black,yellow, red,0,13.056144714355469
9,random_ablation_0, red white black yellow red white black,yellow, black,0,12.237011909484863
9,random_ablation_1, red white black yellow red white black,yellow, black,0,12.322846412658691
9,random_ablation_2, red white black yellow red white black,yellow, red,0,12.681963920593262
9,random_ablation_3, red white black yellow red white black,yellow, black,0,11.854337692260742
9,random_ablation_4, red white black yellow red white black,yellow, black,0,12.489023208618164
10,full, red blue green black red blue green,black, blue,0,12.285589218139648
10,induction_ablation, red blue green black red blue green,black,"
",0,12.742249488830566
10,random_ablation_0, red blue green black red blue green,black, blue,0,12.518735885620117
10,random_ablation_1, red blue green black red blue green,black, blue,0,12.306294441223145
10,random_ablation_2, red blue green black red blue green,black, blue,0,12.612438201904297
10,random_ablation_3, red blue green black red blue green,black, blue,0,12.232414245605469
10,random_ablation_4, red blue green black red blue green,black, blue,0,12.496053695678711
11,full, red black white green red black white,green,"
",0,12.29965591430664
11,induction_ablation, red black white green red black white,green,"
",0,13.300004959106445
11,random_ablation_0, red black white green red black white,green, blue,0,11.66959285736084
11,random_ablation_1, red black white green red black white,green,"
",0,12.186920166015625
11,random_ablation_2, red black white green red black white,green,"
",0,12.48111343383789
11,random_ablation_3, red black white green red black white,green,"
",0,11.581954002380371
11,random_ablation_4, red black white green red black white,green, blue,0,12.449603080749512
12,full, white red black green white red black,green, black,0,13.406145095825195
12,induction_ablation, white red black green white red black,green, white,0,13.2137451171875
12,random_ablation_0, white red black green white red black,green, black,0,13.30507755279541
12,random_ablation_1, white red black green white red black,green, black,0,13.398109436035156
12,random_ablation_2, white red black green white red black,green, black,0,13.658527374267578
12,random_ablation_3, white red black green white red black,green, black,0,12.85855770111084
12,random_ablation_4, white red black green white red black,green, black,0,13.540804862976074
13,full, yellow green black white yellow green black,white, white,1,14.480960845947266
13,induction_ablation, yellow green black white yellow green black,white, white,1,14.466712951660156
13,random_ablation_0, yellow green black white yellow green black,white, white,1,14.53309440612793
13,random_ablation_1, yellow green black white yellow green black,white, white,1,14.470052719116211
13,random_ablation_2, yellow green black white yellow green black,white, white,1,14.874850273132324
13,random_ablation_3, yellow green black white yellow green black,white, white,1,14.045175552368164
13,random_ablation_4, yellow green black white yellow green black,white, white,1,14.597349166870117
14,full, white yellow blue red white yellow blue,red, red,1,14.336478233337402
14,induction_ablation, white yellow blue red white yellow blue,red, red,1,14.879616737365723
14,random_ablation_0, white yellow blue red white yellow blue,red, red,1,14.66071605682373
14,random_ablation_1, white yellow blue red white yellow blue,red, red,1,14.310644149780273
14,random_ablation_2, white yellow blue red white yellow blue,red, red,1,14.602097511291504
14,random_ablation_3, white yellow blue red white yellow blue,red, blue,0,13.749897956848145
14,random_ablation_4, white yellow blue red white yellow blue,red, red,1,14.391321182250977
15,full, red green white black red green white,black,"
",0,12.808167457580566
15,induction_ablation, red green white black red green white,black,"
",0,13.66604995727539
15,random_ablation_0, red green white black red green white,black,"
",0,13.089405059814453
15,random_ablation_1, red green white black red green white,black,"
",0,12.827980041503906
15,random_ablation_2, red green white black red green white,black, black,1,13.002549171447754
15,random_ablation_3, red green white black red green white,black,"
",0,12.382708549499512
15,random_ablation_4, red green white black red green white,black, black,1,13.070633888244629
16,full, green white blue black green white blue,black, black,1,13.959054946899414
16,induction_ablation, green white blue black green white blue,black, black,1,14.227385520935059
16,random_ablation_0, green white blue black green white blue,black, black,1,14.336935043334961
16,random_ablation_1, green white blue black green white blue,black, black,1,13.947032928466797
16,random_ablation_2, green white blue black green white blue,black, black,1,14.381473541259766
16,random_ablation_3, green white blue black green white blue,black, black,1,13.467884063720703
16,random_ablation_4, green white blue black green white blue,black, black,1,14.186796188354492
17,full, black red white blue black red white,blue, blue,1,13.984535217285156
17,induction_ablation, black red white blue black red white,blue, blue,1,14.180018424987793
17,random_ablation_0, black red white blue black red white,blue, blue,1,14.501570701599121
17,random_ablation_1, black red white blue black red white,blue, blue,1,13.860296249389648
17,random_ablation_2, black red white blue black red white,blue, blue,1,14.170618057250977
17,random_ablation_3, black red white blue black red white,blue, blue,1,13.621088027954102
17,random_ablation_4, black red white blue black red white,blue, blue,1,14.23221206665039
18,full, yellow green white red yellow green white,red, red,1,14.584619522094727
18,induction_ablation, yellow green white red yellow green white,red, red,1,14.940845489501953
18,random_ablation_0, yellow green white red yellow green white,red, red,1,14.728841781616211
18,random_ablation_1, yellow green white red yellow green white,red, red,1,14.600958824157715
18,random_ablation_2, yellow green white red yellow green white,red, red,1,14.88211441040039
18,random_ablation_3, yellow green white red yellow green white,red, red,1,14.078832626342773
18,random_ablation_4, yellow green white red yellow green white,red, red,1,14.76407527923584
19,full, yellow white red blue yellow white red,blue, blue,1,14.118511199951172
19,induction_ablation, yellow white red blue yellow white red,blue, blue,1,14.550426483154297
19,random_ablation_0, yellow white red blue yellow white red,blue, blue,1,14.76756477355957
19,random_ablation_1, yellow white red blue yellow white red,blue, blue,1,14.074892044067383
19,random_ablation_2, yellow white red blue yellow white red,blue, blue,1,14.33471393585205
19,random_ablation_3, yellow white red blue yellow white red,blue, blue,1,13.519343376159668
19,random_ablation_4, yellow white red blue yellow white red,blue, blue,1,14.351128578186035
20,full, blue red white green blue red white,green, red,0,13.745686531066895
20,induction_ablation, blue red white green blue red white,green, green,1,14.153810501098633
20,random_ablation_0, blue red white green blue red white,green, blue,0,13.10801887512207
20,random_ablation_1, blue red white green blue red white,green, green,1,13.762162208557129
20,random_ablation_2, blue red white green blue red white,green, red,0,13.94604206085205
20,random_ablation_3, blue red white green blue red white,green, blue,0,13.284502029418945
20,random_ablation_4, blue red white green blue red white,green, red,0,13.91901969909668
21,full, green red yellow blue green red yellow,blue, green,0,14.640795707702637
21,induction_ablation, green red yellow blue green red yellow,blue, blue,1,15.644218444824219
21,random_ablation_0, green red yellow blue green red yellow,blue, blue,1,14.861811637878418
21,random_ablation_1, green red yellow blue green red yellow,blue, green,0,14.641904830932617
21,random_ablation_2, green red yellow blue green red yellow,blue, blue,1,15.058298110961914
21,random_ablation_3, green red yellow blue green red yellow,blue, green,0,14.415557861328125
21,random_ablation_4, green red yellow blue green red yellow,blue, green,0,14.759814262390137
22,full, black red blue white black red blue,white, white,1,13.927489280700684
22,induction_ablation, black red blue white black red blue,white, white,1,14.713452339172363
22,random_ablation_0, black red blue white black red blue,white, white,1,13.922849655151367
22,random_ablation_1, black red blue white black red blue,white, white,1,13.84347915649414
22,random_ablation_2, black red blue white black red blue,white, white,1,14.286215782165527
22,random_ablation_3, black red blue white black red blue,white, white,1,12.997010231018066
22,random_ablation_4, black red blue white black red blue,white, white,1,14.10436725616455
23,full, red white blue green red white blue,green, blue,0,13.551888465881348
23,induction_ablation, red white blue green red white blue,green, red,0,14.276409149169922
23,random_ablation_0, red white blue green red white blue,green, blue,0,13.71056079864502
23,random_ablation_1, red white blue green red white blue,green, blue,0,13.63624382019043
23,random_ablation_2, red white blue green red white blue,green, blue,0,13.709493637084961
23,random_ablation_3, red white blue green red white blue,green, blue,0,13.200920104980469
23,random_ablation_4, red white blue green red white blue,green, blue,0,13.691073417663574
24,full, red green white black red green white,black,"
",0,12.808167457580566
24,induction_ablation, red green white black red green white,black,"
",0,13.66604995727539
24,random_ablation_0, red green white black red green white,black,"
",0,13.089405059814453
24,random_ablation_1, red green white black red green white,black,"
",0,12.827980041503906
24,random_ablation_2, red green white black red green white,black, black,1,13.002549171447754
24,random_ablation_3, red green white black red green white,black,"
",0,12.382708549499512
24,random_ablation_4, red green white black red green white,black, black,1,13.070633888244629
25,full, black yellow green white black yellow green,white, white,1,14.111352920532227
25,induction_ablation, black yellow green white black yellow green,white, white,1,14.294416427612305
25,random_ablation_0, black yellow green white black yellow green,white, white,1,14.442442893981934
25,random_ablation_1, black yellow green white black yellow green,white, white,1,14.064802169799805
25,random_ablation_2, black yellow green white black yellow green,white, white,1,14.668936729431152
25,random_ablation_3, black yellow green white black yellow green,white, white,1,13.636466026306152
25,random_ablation_4, black yellow green white black yellow green,white, white,1,14.246915817260742
26,full, yellow green white red yellow green white,red, red,1,14.584619522094727
26,induction_ablation, yellow green white red yellow green white,red, red,1,14.940845489501953
26,random_ablation_0, yellow green white red yellow green white,red, red,1,14.728841781616211
26,random_ablation_1, yellow green white red yellow green white,red, red,1,14.600958824157715
26,random_ablation_2, yellow green white red yellow green white,red, red,1,14.88211441040039
26,random_ablation_3, yellow green white red yellow green white,red, red,1,14.078832626342773
26,random_ablation_4, yellow green white red yellow green white,red, red,1,14.76407527923584
27,full, white red black green white red black,green, black,0,13.406145095825195
27,induction_ablation, white red black green white red black,green, white,0,13.2137451171875
27,random_ablation_0, white red black green white red black,green, black,0,13.30507755279541
27,random_ablation_1, white red black green white red black,green, black,0,13.398109436035156
27,random_ablation_2, white red black green white red black,green, black,0,13.658527374267578
27,random_ablation_3, white red black green white red black,green, black,0,12.85855770111084
27,random_ablation_4, white red black green white red black,green, black,0,13.540804862976074
28,full, blue yellow white green blue yellow white,green, green,1,13.793256759643555
28,induction_ablation, blue yellow white green blue yellow white,green, green,1,14.946664810180664
28,random_ablation_0, blue yellow white green blue yellow white,green, red,0,13.392366409301758
28,random_ablation_1, blue yellow white green blue yellow white,green, green,1,13.845640182495117
28,random_ablation_2, blue yellow white green blue yellow white,green, green,1,14.13857364654541
28,random_ablation_3, blue yellow white green blue yellow white,green, green,1,13.541976928710938
28,random_ablation_4, blue yellow white green blue yellow white,green, green,1,13.870477676391602
29,full, black yellow green white black yellow green,white, white,1,14.111352920532227
29,induction_ablation, black yellow green white black yellow green,white, white,1,14.294416427612305
29,random_ablation_0, black yellow green white black yellow green,white, white,1,14.442442893981934
29,random_ablation_1, black yellow green white black yellow green,white, white,1,14.064802169799805
29,random_ablation_2, black yellow green white black yellow green,white, white,1,14.668936729431152
29,random_ablation_3, black yellow green white black yellow green,white, white,1,13.636466026306152
29,random_ablation_4, black yellow green white black yellow green,white, white,1,14.246915817260742
30,full, black yellow green blue black yellow green,blue, blue,1,14.81968879699707
30,induction_ablation, black yellow green blue black yellow green,blue, blue,1,15.182061195373535
30,random_ablation_0, black yellow green blue black yellow green,blue, blue,1,15.209447860717773
30,random_ablation_1, black yellow green blue black yellow green,blue, blue,1,14.816351890563965
30,random_ablation_2, black yellow green blue black yellow green,blue, blue,1,15.396232604980469
30,random_ablation_3, black yellow green blue black yellow green,blue, blue,1,14.813377380371094
30,random_ablation_4, black yellow green blue black yellow green,blue, blue,1,14.920560836791992
31,full, green red blue white green red blue,white, blue,0,13.329548835754395
31,induction_ablation, green red blue white green red blue,white, white,1,14.241273880004883
31,random_ablation_0, green red blue white green red blue,white, blue,0,13.360966682434082
31,random_ablation_1, green red blue white green red blue,white, blue,0,13.329630851745605
31,random_ablation_2, green red blue white green red blue,white, blue,0,13.750879287719727
31,random_ablation_3, green red blue white green red blue,white, blue,0,12.540739059448242
31,random_ablation_4, green red blue white green red blue,white, blue,0,13.603392601013184
32,full, blue white red green blue white red,green, red,0,13.599065780639648
32,induction_ablation, blue white red green blue white red,green, red,0,13.820666313171387
32,random_ablation_0, blue white red green blue white red,green, red,0,13.54507827758789
32,random_ablation_1, blue white red green blue white red,green, red,0,13.645695686340332
32,random_ablation_2, blue white red green blue white red,green, red,0,13.83409309387207
32,random_ablation_3, blue white red green blue white red,green, red,0,12.939844131469727
32,random_ablation_4, blue white red green blue white red,green, red,0,13.825262069702148
33,full, blue green white yellow blue green white,yellow, yellow,1,14.066043853759766
33,induction_ablation, blue green white yellow blue green white,yellow, yellow,1,14.480267524719238
33,random_ablation_0, blue green white yellow blue green white,yellow, yellow,1,13.871476173400879
33,random_ablation_1, blue green white yellow blue green white,yellow, yellow,1,13.98011589050293
33,random_ablation_2, blue green white yellow blue green white,yellow, yellow,1,14.450557708740234
33,random_ablation_3, blue green white yellow blue green white,yellow, yellow,1,13.826713562011719
33,random_ablation_4, blue green white yellow blue green white,yellow, yellow,1,14.209761619567871
34,full, blue white yellow black blue white yellow,black, black,1,13.478410720825195
34,induction_ablation, blue white yellow black blue white yellow,black, black,1,14.17706298828125
34,random_ablation_0, blue white yellow black blue white yellow,black, black,1,13.471193313598633
34,random_ablation_1, blue white yellow black blue white yellow,black, black,1,13.470134735107422
34,random_ablation_2, blue white yellow black blue white yellow,black, black,1,13.788009643554688
34,random_ablation_3, blue white yellow black blue white yellow,black, black,1,12.84563159942627
34,random_ablation_4, blue white yellow black blue white yellow,black, black,1,13.553521156311035
35,full, blue red yellow green blue red yellow,green, green,1,14.095185279846191
35,induction_ablation, blue red yellow green blue red yellow,green, green,1,15.146669387817383
35,random_ablation_0, blue red yellow green blue red yellow,green, green,1,13.92182445526123
35,random_ablation_1, blue red yellow green blue red yellow,green, green,1,14.143003463745117
35,random_ablation_2, blue red yellow green blue red yellow,green, green,1,14.335293769836426
35,random_ablation_3, blue red yellow green blue red yellow,green, green,1,13.807536125183105
35,random_ablation_4, blue red yellow green blue red yellow,green, green,1,14.224106788635254
36,full, red white black yellow red white black,yellow, black,0,12.440382957458496
36,induction_ablation, red white black yellow red white black,yellow, red,0,13.056144714355469
36,random_ablation_0, red white black yellow red white black,yellow, black,0,12.237011909484863
36,random_ablation_1, red white black yellow red white black,yellow, black,0,12.322846412658691
36,random_ablation_2, red white black yellow red white black,yellow, red,0,12.681963920593262
36,random_ablation_3, red white black yellow red white black,yellow, black,0,11.854337692260742
36,random_ablation_4, red white black yellow red white black,yellow, black,0,12.489023208618164
37,full, black white red green black white red,green, green,1,13.169944763183594
37,induction_ablation, black white red green black white red,green, green,1,13.661487579345703
37,random_ablation_0, black white red green black white red,green, green,1,13.668938636779785
37,random_ablation_1, black white red green black white red,green, green,1,13.117818832397461
37,random_ablation_2, black white red green black white red,green, green,1,13.40196418762207
37,random_ablation_3, black white red green black white red,green, blue,0,12.55476188659668
37,random_ablation_4, black white red green black white red,green, green,1,13.433121681213379
38,full, green white blue red green white blue,red, red,1,14.280143737792969
38,induction_ablation, green white blue red green white blue,red, red,1,14.636978149414062
38,random_ablation_0, green white blue red green white blue,red, red,1,14.557517051696777
38,random_ablation_1, green white blue red green white blue,red, red,1,14.229837417602539
38,random_ablation_2, green white blue red green white blue,red, red,1,14.643126487731934
38,random_ablation_3, green white blue red green white blue,red, red,1,13.818811416625977
38,random_ablation_4, green white blue red green white blue,red, red,1,14.497186660766602
39,full, yellow white blue red yellow white blue,red, red,1,14.487287521362305
39,induction_ablation, yellow white blue red yellow white blue,red, red,1,14.751222610473633
39,random_ablation_0, yellow white blue red yellow white blue,red, red,1,14.767492294311523
39,random_ablation_1, yellow white blue red yellow white blue,red, red,1,14.426873207092285
39,random_ablation_2, yellow white blue red yellow white blue,red, red,1,14.655776977539062
39,random_ablation_3, yellow white blue red yellow white blue,red, red,1,13.860816955566406
39,random_ablation_4, yellow white blue red yellow white blue,red, red,1,14.60787582397461
40,full, red white blue black red white blue,black, black,1,13.467153549194336
40,induction_ablation, red white blue black red white blue,black, black,1,14.062017440795898
40,random_ablation_0, red white blue black red white blue,black, blue,0,13.968928337097168
40,random_ablation_1, red white blue black red white blue,black, black,1,13.490301132202148
40,random_ablation_2, red white blue black red white blue,black, black,1,13.613649368286133
40,random_ablation_3, red white blue black red white blue,black, blue,0,12.890515327453613
40,random_ablation_4, red white blue black red white blue,black, black,1,13.665937423706055
41,full, black white yellow red black white yellow,red, red,1,14.22107219696045
41,induction_ablation, black white yellow red black white yellow,red, red,1,15.191140174865723
41,random_ablation_0, black white yellow red black white yellow,red, red,1,14.40296459197998
41,random_ablation_1, black white yellow red black white yellow,red, red,1,14.221211433410645
41,random_ablation_2, black white yellow red black white yellow,red, red,1,14.462486267089844
41,random_ablation_3, black white yellow red black white yellow,red, red,1,13.434118270874023
41,random_ablation_4, black white yellow red black white yellow,red, red,1,14.33480453491211
42,full, yellow white red black yellow white red,black, black,1,14.144186973571777
42,induction_ablation, yellow white red black yellow white red,black, black,1,14.054655075073242
42,random_ablation_0, yellow white red black yellow white red,black, black,1,14.87368392944336
42,random_ablation_1, yellow white red black yellow white red,black, black,1,14.188837051391602
42,random_ablation_2, yellow white red black yellow white red,black, black,1,14.264508247375488
42,random_ablation_3, yellow white red black yellow white red,black, black,1,13.40942668914795
42,random_ablation_4, yellow white red black yellow white red,black, black,1,14.29184341430664
43,full, blue yellow red white blue yellow red,white, red,0,13.966358184814453
43,induction_ablation, blue yellow red white blue yellow red,white, white,1,14.680047988891602
43,random_ablation_0, blue yellow red white blue yellow red,white, white,1,14.598455429077148
43,random_ablation_1, blue yellow red white blue yellow red,white, red,0,14.012234687805176
43,random_ablation_2, blue yellow red white blue yellow red,white, white,1,14.2960205078125
43,random_ablation_3, blue yellow red white blue yellow red,white, red,0,13.005903244018555
43,random_ablation_4, blue yellow red white blue yellow red,white, red,0,14.124923706054688
44,full, green white blue black green white blue,black, black,1,13.959054946899414
44,induction_ablation, green white blue black green white blue,black, black,1,14.227385520935059
44,random_ablation_0, green white blue black green white blue,black, black,1,14.336935043334961
44,random_ablation_1, green white blue black green white blue,black, black,1,13.947032928466797
44,random_ablation_2, green white blue black green white blue,black, black,1,14.381473541259766
44,random_ablation_3, green white blue black green white blue,black, black,1,13.467884063720703
44,random_ablation_4, green white blue black green white blue,black, black,1,14.186796188354492
45,full, black blue white red black blue white,red, red,1,13.896636009216309
45,induction_ablation, black blue white red black blue white,red, red,1,14.358865737915039
45,random_ablation_0, black blue white red black blue white,red, red,1,14.102462768554688
45,random_ablation_1, black blue white red black blue white,red, red,1,13.892117500305176
45,random_ablation_2, black blue white red black blue white,red, red,1,14.044527053833008
45,random_ablation_3, black blue white red black blue white,red, red,1,13.239279747009277
45,random_ablation_4, black blue white red black blue white,red, red,1,14.082131385803223
46,full, blue red black white blue red black,white, white,1,14.36035442352295
46,induction_ablation, blue red black white blue red black,white, white,1,14.542381286621094
46,random_ablation_0, blue red black white blue red black,white, white,1,14.757843017578125
46,random_ablation_1, blue red black white blue red black,white, white,1,14.34653091430664
46,random_ablation_2, blue red black white blue red black,white, white,1,14.615767478942871
46,random_ablation_3, blue red black white blue red black,white, white,1,13.872393608093262
46,random_ablation_4, blue red black white blue red black,white, white,1,14.456239700317383
47,full, yellow green red blue yellow green red,blue, blue,1,14.089849472045898
47,induction_ablation, yellow green red blue yellow green red,blue, blue,1,14.668927192687988
47,random_ablation_0, yellow green red blue yellow green red,blue, blue,1,14.555689811706543
47,random_ablation_1, yellow green red blue yellow green red,blue, blue,1,14.089387893676758
47,random_ablation_2, yellow green red blue yellow green red,blue, blue,1,14.470781326293945
47,random_ablation_3, yellow green red blue yellow green red,blue, blue,1,13.663300514221191
47,random_ablation_4, yellow green red blue yellow green red,blue, blue,1,14.343673706054688
48,full, white green blue yellow white green blue,yellow, yellow,1,14.323650360107422
48,induction_ablation, white green blue yellow white green blue,yellow, yellow,1,14.369140625
48,random_ablation_0, white green blue yellow white green blue,yellow, yellow,1,14.996807098388672
48,random_ablation_1, white green blue yellow white green blue,yellow, yellow,1,14.148077011108398
48,random_ablation_2, white green blue yellow white green blue,yellow, yellow,1,14.695211410522461
48,random_ablation_3, white green blue yellow white green blue,yellow, yellow,1,14.230925559997559
48,random_ablation_4, white green blue yellow white green blue,yellow, yellow,1,14.494901657104492
49,full, blue red white yellow blue red white,yellow, yellow,1,13.874421119689941
49,induction_ablation, blue red white yellow blue red white,yellow, yellow,1,14.247293472290039
49,random_ablation_0, blue red white yellow blue red white,yellow, blue,0,13.734655380249023
49,random_ablation_1, blue red white yellow blue red white,yellow, yellow,1,13.732641220092773
49,random_ablation_2, blue red white yellow blue red white,yellow, yellow,1,14.055683135986328
49,random_ablation_3, blue red white yellow blue red white,yellow, yellow,1,13.350737571716309
49,random_ablation_4, blue red white yellow blue red white,yellow, yellow,1,13.966394424438477
50,full, white blue green yellow white blue green,yellow, yellow,1,14.334717750549316
50,induction_ablation, white blue green yellow white blue green,yellow, yellow,1,14.171642303466797
50,random_ablation_0, white blue green yellow white blue green,yellow, yellow,1,14.40664005279541
50,random_ablation_1, white blue green yellow white blue green,yellow, yellow,1,14.178308486938477
50,random_ablation_2, white blue green yellow white blue green,yellow, yellow,1,14.726808547973633
50,random_ablation_3, white blue green yellow white blue green,yellow, yellow,1,14.245567321777344
50,random_ablation_4, white blue green yellow white blue green,yellow, yellow,1,14.476499557495117
51,full, white yellow green black white yellow green,black, black,1,14.510125160217285
51,induction_ablation, white yellow green black white yellow green,black, black,1,14.887676239013672
51,random_ablation_0, white yellow green black white yellow green,black, black,1,14.787162780761719
51,random_ablation_1, white yellow green black white yellow green,black, black,1,14.53514289855957
51,random_ablation_2, white yellow green black white yellow green,black, black,1,14.868123054504395
51,random_ablation_3, white yellow green black white yellow green,black, black,1,14.16784954071045
51,random_ablation_4, white yellow green black white yellow green,black, black,1,14.593255996704102
52,full, yellow white green black yellow white green,black, black,1,14.277901649475098
52,induction_ablation, yellow white green black yellow white green,black, black,1,14.357765197753906
52,random_ablation_0, yellow white green black yellow white green,black, black,1,14.398674011230469
52,random_ablation_1, yellow white green black yellow white green,black, black,1,14.316156387329102
52,random_ablation_2, yellow white green black yellow white green,black, black,1,14.615543365478516
52,random_ablation_3, yellow white green black yellow white green,black, black,1,13.802438735961914
52,random_ablation_4, yellow white green black yellow white green,black, black,1,14.427490234375
53,full, black yellow white green black yellow white,green, green,1,13.382927894592285
53,induction_ablation, black yellow white green black yellow white,green, green,1,14.132275581359863
53,random_ablation_0, black yellow white green black yellow white,green, green,1,13.391529083251953
53,random_ablation_1, black yellow white green black yellow white,green, green,1,13.31855583190918
53,random_ablation_2, black yellow white green black yellow white,green, green,1,13.896376609802246
53,random_ablation_3, black yellow white green black yellow white,green, green,1,13.04426097869873
53,random_ablation_4, black yellow white green black yellow white,green, green,1,13.473368644714355
54,full, yellow black red white yellow black red,white, white,1,14.682685852050781
54,induction_ablation, yellow black red white yellow black red,white, white,1,14.505249977111816
54,random_ablation_0, yellow black red white yellow black red,white, white,1,15.503643035888672
54,random_ablation_1, yellow black red white yellow black red,white, white,1,14.635080337524414
54,random_ablation_2, yellow black red white yellow black red,white, white,1,14.863907814025879
54,random_ablation_3, yellow black red white yellow black red,white, white,1,13.846952438354492
54,random_ablation_4, yellow black red white yellow black red,white, white,1,14.775627136230469
55,full, black blue red green black blue red,green, green,1,13.189163208007812
55,induction_ablation, black blue red green black blue red,green, green,1,13.405351638793945
55,random_ablation_0, black blue red green black blue red,green, green,1,13.859567642211914
55,random_ablation_1, black blue red green black blue red,green, green,1,13.100489616394043
55,random_ablation_2, black blue red green black blue red,green, green,1,13.537506103515625
55,random_ablation_3, black blue red green black blue red,green, green,1,12.631690979003906
55,random_ablation_4, black blue red green black blue red,green, green,1,13.420347213745117
56,full, red white blue black red white blue,black, black,1,13.467153549194336
56,induction_ablation, red white blue black red white blue,black, black,1,14.062017440795898
56,random_ablation_0, red white blue black red white blue,black, blue,0,13.968928337097168
56,random_ablation_1, red white blue black red white blue,black, black,1,13.490301132202148
56,random_ablation_2, red white blue black red white blue,black, black,1,13.613649368286133
56,random_ablation_3, red white blue black red white blue,black, blue,0,12.890515327453613
56,random_ablation_4, red white blue black red white blue,black, black,1,13.665937423706055
57,full, blue black red white blue black red,white, white,1,14.29781723022461
57,induction_ablation, blue black red white blue black red,white, white,1,14.559341430664062
57,random_ablation_0, blue black red white blue black red,white, white,1,15.285909652709961
57,random_ablation_1, blue black red white blue black red,white, white,1,14.278229713439941
57,random_ablation_2, blue black red white blue black red,white, white,1,14.521270751953125
57,random_ablation_3, blue black red white blue black red,white, white,1,13.343558311462402
57,random_ablation_4, blue black red white blue black red,white, white,1,14.39426326751709
58,full, blue yellow black white blue yellow black,white, white,1,14.384130477905273
58,induction_ablation, blue yellow black white blue yellow black,white, white,1,14.905902862548828
58,random_ablation_0, blue yellow black white blue yellow black,white, white,1,14.41491985321045
58,random_ablation_1, blue yellow black white blue yellow black,white, white,1,14.330512046813965
58,random_ablation_2, blue yellow black white blue yellow black,white, white,1,14.888988494873047
58,random_ablation_3, blue yellow black white blue yellow black,white, white,1,13.786365509033203
58,random_ablation_4, blue yellow black white blue yellow black,white, white,1,14.444144248962402
59,full, green red white blue green red white,blue, blue,1,14.834685325622559
59,induction_ablation, green red white blue green red white,blue, blue,1,15.490262031555176
59,random_ablation_0, green red white blue green red white,blue, blue,1,14.918863296508789
59,random_ablation_1, green red white blue green red white,blue, blue,1,14.82388973236084
59,random_ablation_2, green red white blue green red white,blue, blue,1,15.173853874206543
59,random_ablation_3, green red white blue green red white,blue, blue,1,14.503951072692871
59,random_ablation_4, green red white blue green red white,blue, blue,1,15.044685363769531
60,full, yellow green white red yellow green white,red, red,1,14.584619522094727
60,induction_ablation, yellow green white red yellow green white,red, red,1,14.940845489501953
60,random_ablation_0, yellow green white red yellow green white,red, red,1,14.728841781616211
60,random_ablation_1, yellow green white red yellow green white,red, red,1,14.600958824157715
60,random_ablation_2, yellow green white red yellow green white,red, red,1,14.88211441040039
60,random_ablation_3, yellow green white red yellow green white,red, red,1,14.078832626342773
60,random_ablation_4, yellow green white red yellow green white,red, red,1,14.76407527923584
61,full, red green black blue red green black,blue, blue,1,14.654891014099121
61,induction_ablation, red green black blue red green black,blue, blue,1,14.978666305541992
61,random_ablation_0, red green black blue red green black,blue, blue,1,15.648058891296387
61,random_ablation_1, red green black blue red green black,blue, blue,1,14.560409545898438
61,random_ablation_2, red green black blue red green black,blue, blue,1,14.970184326171875
61,random_ablation_3, red green black blue red green black,blue, blue,1,14.540616989135742
61,random_ablation_4, red green black blue red green black,blue, blue,1,14.868890762329102
62,full, green red yellow white green red yellow,white, green,0,13.43764877319336
62,induction_ablation, green red yellow white green red yellow,white, white,1,14.662137985229492
62,random_ablation_0, green red yellow white green red yellow,white, yellow,0,13.148675918579102
62,random_ablation_1, green red yellow white green red yellow,white, green,0,13.495767593383789
62,random_ablation_2, green red yellow white green red yellow,white, green,0,13.928537368774414
62,random_ablation_3, green red yellow white green red yellow,white, green,0,12.818700790405273
62,random_ablation_4, green red yellow white green red yellow,white, green,0,13.59687614440918
63,full, yellow green black red yellow green black,red, red,1,14.816312789916992
63,induction_ablation, yellow green black red yellow green black,red, red,1,14.8336181640625
63,random_ablation_0, yellow green black red yellow green black,red, red,1,14.89577865600586
63,random_ablation_1, yellow green black red yellow green black,red, red,1,14.8323335647583
63,random_ablation_2, yellow green black red yellow green black,red, red,1,15.099716186523438
63,random_ablation_3, yellow green black red yellow green black,red, red,1,14.454010963439941
63,random_ablation_4, yellow green black red yellow green black,red, red,1,14.902602195739746
64,full, blue yellow white black blue yellow white,black, black,1,13.752216339111328
64,induction_ablation, blue yellow white black blue yellow white,black, black,1,14.314994812011719
64,random_ablation_0, blue yellow white black blue yellow white,black, black,1,13.547019004821777
64,random_ablation_1, blue yellow white black blue yellow white,black, black,1,13.753358840942383
64,random_ablation_2, blue yellow white black blue yellow white,black, black,1,13.944742202758789
64,random_ablation_3, blue yellow white black blue yellow white,black, black,1,13.341442108154297
64,random_ablation_4, blue yellow white black blue yellow white,black, black,1,13.861820220947266
65,full, green yellow blue white green yellow blue,white, blue,0,13.513959884643555
65,induction_ablation, green yellow blue white green yellow blue,white, white,1,14.526896476745605
65,random_ablation_0, green yellow blue white green yellow blue,white, blue,0,13.737262725830078
65,random_ablation_1, green yellow blue white green yellow blue,white, green,0,13.479259490966797
65,random_ablation_2, green yellow blue white green yellow blue,white, blue,0,14.133965492248535
65,random_ablation_3, green yellow blue white green yellow blue,white, green,0,12.894438743591309
65,random_ablation_4, green yellow blue white green yellow blue,white, blue,0,13.65423583984375
66,full, green black red yellow green black red,yellow, yellow,1,13.60870361328125
66,induction_ablation, green black red yellow green black red,yellow, yellow,1,13.921834945678711
66,random_ablation_0, green black red yellow green black red,yellow, yellow,1,13.939233779907227
66,random_ablation_1, green black red yellow green black red,yellow, red,0,13.442619323730469
66,random_ablation_2, green black red yellow green black red,yellow, yellow,1,14.043787002563477
66,random_ablation_3, green black red yellow green black red,yellow, green,0,12.99682331085205
66,random_ablation_4, green black red yellow green black red,yellow, yellow,1,13.793530464172363
67,full, green blue black red green blue black,red, red,1,14.49139404296875
67,induction_ablation, green blue black red green blue black,red, red,1,14.542777061462402
67,random_ablation_0, green blue black red green blue black,red, red,1,14.727912902832031
67,random_ablation_1, green blue black red green blue black,red, red,1,14.495667457580566
67,random_ablation_2, green blue black red green blue black,red, red,1,14.747034072875977
67,random_ablation_3, green blue black red green blue black,red, red,1,14.276464462280273
67,random_ablation_4, green blue black red green blue black,red, red,1,14.59560489654541
68,full, blue white black yellow blue white black,yellow, black,0,12.41943073272705
68,induction_ablation, blue white black yellow blue white black,yellow, black,0,12.752364158630371
68,random_ablation_0, blue white black yellow blue white black,yellow, black,0,12.076495170593262
68,random_ablation_1, blue white black yellow blue white black,yellow, black,0,12.209071159362793
68,random_ablation_2, blue white black yellow blue white black,yellow, black,0,12.80178165435791
68,random_ablation_3, blue white black yellow blue white black,yellow, black,0,11.942647933959961
68,random_ablation_4, blue white black yellow blue white black,yellow, black,0,12.486128807067871
69,full, yellow white blue black yellow white blue,black, black,1,14.276275634765625
69,induction_ablation, yellow white blue black yellow white blue,black, black,1,14.453880310058594
69,random_ablation_0, yellow white blue black yellow white blue,black, black,1,14.735235214233398
69,random_ablation_1, yellow white blue black yellow white blue,black, black,1,14.268321990966797
69,random_ablation_2, yellow white blue black yellow white blue,black, black,1,14.512983322143555
69,random_ablation_3, yellow white blue black yellow white blue,black, black,1,13.736812591552734
69,random_ablation_4, yellow white blue black yellow white blue,black, black,1,14.415897369384766
70,full, red black green white red black green,white, white,1,13.758610725402832
70,induction_ablation, red black green white red black green,white, white,1,13.961713790893555
70,random_ablation_0, red black green white red black green,white, white,1,14.589801788330078
70,random_ablation_1, red black green white red black green,white, white,1,13.801025390625
70,random_ablation_2, red black green white red black green,white, white,1,14.03502368927002
70,random_ablation_3, red black green white red black green,white, white,1,13.303239822387695
70,random_ablation_4, red black green white red black green,white, white,1,13.885128021240234
71,full, red yellow green black red yellow green,black, green,0,13.296154022216797
71,induction_ablation, red yellow green black red yellow green,black, green,0,13.878662109375
71,random_ablation_0, red yellow green black red yellow green,black, blue,0,13.489521026611328
71,random_ablation_1, red yellow green black red yellow green,black, green,0,13.33930778503418
71,random_ablation_2, red yellow green black red yellow green,black, green,0,13.625003814697266
71,random_ablation_3, red yellow green black red yellow green,black, green,0,13.033594131469727
71,random_ablation_4, red yellow green black red yellow green,black, green,0,13.342866897583008
72,full, green red blue white green red blue,white, blue,0,13.329548835754395
72,induction_ablation, green red blue white green red blue,white, white,1,14.241273880004883
72,random_ablation_0, green red blue white green red blue,white, blue,0,13.360966682434082
72,random_ablation_1, green red blue white green red blue,white, blue,0,13.329630851745605
72,random_ablation_2, green red blue white green red blue,white, blue,0,13.750879287719727
72,random_ablation_3, green red blue white green red blue,white, blue,0,12.540739059448242
72,random_ablation_4, green red blue white green red blue,white, blue,0,13.603392601013184
73,full, white black yellow red white black yellow,red, red,1,14.13177490234375
73,induction_ablation, white black yellow red white black yellow,red, red,1,14.873655319213867
73,random_ablation_0, white black yellow red white black yellow,red, red,1,14.367669105529785
73,random_ablation_1, white black yellow red white black yellow,red, red,1,14.057783126831055
73,random_ablation_2, white black yellow red white black yellow,red, red,1,14.399320602416992
73,random_ablation_3, white black yellow red white black yellow,red, red,1,13.503046035766602
73,random_ablation_4, white black yellow red white black yellow,red, red,1,14.209840774536133
74,full, yellow black white green yellow black white,green, green,1,13.038202285766602
74,induction_ablation, yellow black white green yellow black white,green, green,1,13.496490478515625
74,random_ablation_0, yellow black white green yellow black white,green, red,0,12.73436164855957
74,random_ablation_1, yellow black white green yellow black white,green, green,1,12.911808967590332
74,random_ablation_2, yellow black white green yellow black white,green, green,1,13.410235404968262
74,random_ablation_3, yellow black white green yellow black white,green, green,1,12.555667877197266
74,random_ablation_4, yellow black white green yellow black white,green, green,1,13.131693840026855
75,full, yellow black white green yellow black white,green, green,1,13.038202285766602
75,induction_ablation, yellow black white green yellow black white,green, green,1,13.496490478515625
75,random_ablation_0, yellow black white green yellow black white,green, red,0,12.73436164855957
75,random_ablation_1, yellow black white green yellow black white,green, green,1,12.911808967590332
75,random_ablation_2, yellow black white green yellow black white,green, green,1,13.410235404968262
75,random_ablation_3, yellow black white green yellow black white,green, green,1,12.555667877197266
75,random_ablation_4, yellow black white green yellow black white,green, green,1,13.131693840026855
76,full, white red black green white red black,green, black,0,13.406145095825195
76,induction_ablation, white red black green white red black,green, white,0,13.2137451171875
76,random_ablation_0, white red black green white red black,green, black,0,13.30507755279541
76,random_ablation_1, white red black green white red black,green, black,0,13.398109436035156
76,random_ablation_2, white red black green white red black,green, black,0,13.658527374267578
76,random_ablation_3, white red black green white red black,green, black,0,12.85855770111084
76,random_ablation_4, white red black green white red black,green, black,0,13.540804862976074
77,full, white yellow black red white yellow black,red, red,1,14.070804595947266
77,induction_ablation, white yellow black red white yellow black,red, red,1,14.450864791870117
77,random_ablation_0, white yellow black red white yellow black,red, red,1,14.364799499511719
77,random_ablation_1, white yellow black red white yellow black,red, red,1,14.060415267944336
77,random_ablation_2, white yellow black red white yellow black,red, red,1,14.492545127868652
77,random_ablation_3, white yellow black red white yellow black,red, black,0,13.368555068969727
77,random_ablation_4, white yellow black red white yellow black,red, red,1,14.112411499023438
78,full, green red blue yellow green red blue,yellow, yellow,1,14.32022762298584
78,induction_ablation, green red blue yellow green red blue,yellow, yellow,1,14.546123504638672
78,random_ablation_0, green red blue yellow green red blue,yellow, yellow,1,14.866767883300781
78,random_ablation_1, green red blue yellow green red blue,yellow, green,0,14.206884384155273
78,random_ablation_2, green red blue yellow green red blue,yellow, yellow,1,14.657037734985352
78,random_ablation_3, green red blue yellow green red blue,yellow, yellow,1,14.115165710449219
78,random_ablation_4, green red blue yellow green red blue,yellow, yellow,1,14.463515281677246
79,full, white red yellow blue white red yellow,blue, blue,1,14.410751342773438
79,induction_ablation, white red yellow blue white red yellow,blue, blue,1,15.292738914489746
79,random_ablation_0, white red yellow blue white red yellow,blue, blue,1,14.982078552246094
79,random_ablation_1, white red yellow blue white red yellow,blue, blue,1,14.392562866210938
79,random_ablation_2, white red yellow blue white red yellow,blue, blue,1,14.690385818481445
79,random_ablation_3, white red yellow blue white red yellow,blue, blue,1,14.125509262084961
79,random_ablation_4, white red yellow blue white red yellow,blue, blue,1,14.504644393920898
80,full, blue white green red blue white green,red, red,1,14.250616073608398
80,induction_ablation, blue white green red blue white green,red, red,1,14.520171165466309
80,random_ablation_0, blue white green red blue white green,red, red,1,14.320234298706055
80,random_ablation_1, blue white green red blue white green,red, red,1,14.243013381958008
80,random_ablation_2, blue white green red blue white green,red, red,1,14.633694648742676
80,random_ablation_3, blue white green red blue white green,red, red,1,13.771392822265625
80,random_ablation_4, blue white green red blue white green,red, red,1,14.430554389953613
81,full, red green black white red green black,white, white,1,13.698796272277832
81,induction_ablation, red green black white red green black,white,"
",0,13.968615531921387
81,random_ablation_0, red green black white red green black,white, white,1,14.300115585327148
81,random_ablation_1, red green black white red green black,white, white,1,13.64015007019043
81,random_ablation_2, red green black white red green black,white, white,1,14.019372940063477
81,random_ablation_3, red green black white red green black,white,"
",0,13.311972618103027
81,random_ablation_4, red green black white red green black,white, white,1,13.899045944213867
82,full, red black green white red black green,white, white,1,13.758610725402832
82,induction_ablation, red black green white red black green,white, white,1,13.961713790893555
82,random_ablation_0, red black green white red black green,white, white,1,14.589801788330078
82,random_ablation_1, red black green white red black green,white, white,1,13.801025390625
82,random_ablation_2, red black green white red black green,white, white,1,14.03502368927002
82,random_ablation_3, red black green white red black green,white, white,1,13.303239822387695
82,random_ablation_4, red black green white red black green,white, white,1,13.885128021240234
83,full, red green blue yellow red green blue,yellow, blue,0,13.98601245880127
83,induction_ablation, red green blue yellow red green blue,yellow, yellow,1,14.452596664428711
83,random_ablation_0, red green blue yellow red green blue,yellow, yellow,1,15.013374328613281
83,random_ablation_1, red green blue yellow red green blue,yellow, blue,0,13.91275405883789
83,random_ablation_2, red green blue yellow red green blue,yellow, blue,0,14.2056884765625
83,random_ablation_3, red green blue yellow red green blue,yellow, yellow,1,13.86345386505127
83,random_ablation_4, red green blue yellow red green blue,yellow, blue,0,14.14705753326416
84,full, red yellow black white red yellow black,white, white,1,14.028593063354492
84,induction_ablation, red yellow black white red yellow black,white, white,1,14.767505645751953
84,random_ablation_0, red yellow black white red yellow black,white, white,1,14.398984909057617
84,random_ablation_1, red yellow black white red yellow black,white, white,1,14.028687477111816
84,random_ablation_2, red yellow black white red yellow black,white, white,1,14.441060066223145
84,random_ablation_3, red yellow black white red yellow black,white, black,0,13.32847785949707
84,random_ablation_4, red yellow black white red yellow black,white, white,1,14.08573055267334
85,full, red white blue black red white blue,black, black,1,13.467153549194336
85,induction_ablation, red white blue black red white blue,black, black,1,14.062017440795898
85,random_ablation_0, red white blue black red white blue,black, blue,0,13.968928337097168
85,random_ablation_1, red white blue black red white blue,black, black,1,13.490301132202148
85,random_ablation_2, red white blue black red white blue,black, black,1,13.613649368286133
85,random_ablation_3, red white blue black red white blue,black, blue,0,12.890515327453613
85,random_ablation_4, red white blue black red white blue,black, black,1,13.665937423706055
86,full, blue black white red blue black white,red, red,1,13.844269752502441
86,induction_ablation, blue black white red blue black white,red, red,1,14.318645477294922
86,random_ablation_0, blue black white red blue black white,red, red,1,13.854825973510742
86,random_ablation_1, blue black white red blue black white,red, red,1,13.827310562133789
86,random_ablation_2, blue black white red blue black white,red, red,1,14.058189392089844
86,random_ablation_3, blue black white red blue black white,red, red,1,13.100711822509766
86,random_ablation_4, blue black white red blue black white,red, red,1,13.96373462677002
87,full, red yellow white black red yellow white,black, black,1,13.260994911193848
87,induction_ablation, red yellow white black red yellow white,black, black,1,14.125171661376953
87,random_ablation_0, red yellow white black red yellow white,black, black,1,13.425175666809082
87,random_ablation_1, red yellow white black red yellow white,black, black,1,13.272666931152344
87,random_ablation_2, red yellow white black red yellow white,black, black,1,13.350119590759277
87,random_ablation_3, red yellow white black red yellow white,black, black,1,12.769173622131348
87,random_ablation_4, red yellow white black red yellow white,black, black,1,13.34131145477295
88,full, red green white yellow red green white,yellow, yellow,1,13.638350486755371
88,induction_ablation, red green white yellow red green white,yellow, yellow,1,14.462455749511719
88,random_ablation_0, red green white yellow red green white,yellow, yellow,1,13.817168235778809
88,random_ablation_1, red green white yellow red green white,yellow, yellow,1,13.608930587768555
88,random_ablation_2, red green white yellow red green white,yellow, yellow,1,13.962125778198242
88,random_ablation_3, red green white yellow red green white,yellow, yellow,1,13.255590438842773
88,random_ablation_4, red green white yellow red green white,yellow, yellow,1,13.818547248840332
89,full, black white blue yellow black white blue,yellow, yellow,1,13.310201644897461
89,induction_ablation, black white blue yellow black white blue,yellow, black,0,13.291062355041504
89,random_ablation_0, black white blue yellow black white blue,yellow, yellow,1,14.03779411315918
89,random_ablation_1, black white blue yellow black white blue,yellow, yellow,1,13.169596672058105
89,random_ablation_2, black white blue yellow black white blue,yellow, yellow,1,13.6282958984375
89,random_ablation_3, black white blue yellow black white blue,yellow, yellow,1,13.087946891784668
89,random_ablation_4, black white blue yellow black white blue,yellow, yellow,1,13.464814186096191
90,full, green yellow blue red green yellow blue,red, green,0,14.32738971710205
90,induction_ablation, green yellow blue red green yellow blue,red, green,0,14.967538833618164
90,random_ablation_0, green yellow blue red green yellow blue,red, green,0,14.450322151184082
90,random_ablation_1, green yellow blue red green yellow blue,red, green,0,14.293659210205078
90,random_ablation_2, green yellow blue red green yellow blue,red, green,0,14.730220794677734
90,random_ablation_3, green yellow blue red green yellow blue,red, green,0,13.939104080200195
90,random_ablation_4, green yellow blue red green yellow blue,red, green,0,14.401086807250977
91,full, white green yellow black white green yellow,black, black,1,14.546172142028809
91,induction_ablation, white green yellow black white green yellow,black, black,1,15.040522575378418
91,random_ablation_0, white green yellow black white green yellow,black, black,1,14.552492141723633
91,random_ablation_1, white green yellow black white green yellow,black, black,1,14.583854675292969
91,random_ablation_2, white green yellow black white green yellow,black, black,1,14.781929969787598
91,random_ablation_3, white green yellow black white green yellow,black, black,1,14.091839790344238
91,random_ablation_4, white green yellow black white green yellow,black, black,1,14.656607627868652
92,full, yellow white green blue yellow white green,blue, blue,1,14.742445945739746
92,induction_ablation, yellow white green blue yellow white green,blue, blue,1,15.083855628967285
92,random_ablation_0, yellow white green blue yellow white green,blue, blue,1,15.11091423034668
92,random_ablation_1, yellow white green blue yellow white green,blue, blue,1,14.697969436645508
92,random_ablation_2, yellow white green blue yellow white green,blue, blue,1,15.239324569702148
92,random_ablation_3, yellow white green blue yellow white green,blue, blue,1,14.486618995666504
92,random_ablation_4, yellow white green blue yellow white green,blue, blue,1,14.901476860046387
93,full, green black blue yellow green black blue,yellow, yellow,1,13.998817443847656
93,induction_ablation, green black blue yellow green black blue,yellow, yellow,1,14.238531112670898
93,random_ablation_0, green black blue yellow green black blue,yellow, yellow,1,14.61436653137207
93,random_ablation_1, green black blue yellow green black blue,yellow, yellow,1,13.818291664123535
93,random_ablation_2, green black blue yellow green black blue,yellow, yellow,1,14.45307445526123
93,random_ablation_3, green black blue yellow green black blue,yellow, yellow,1,13.914315223693848
93,random_ablation_4, green black blue yellow green black blue,yellow, yellow,1,14.160126686096191
94,full, yellow white red green yellow white red,green, green,1,14.1759033203125
94,induction_ablation, yellow white red green yellow white red,green, green,1,14.486513137817383
94,random_ablation_0, yellow white red green yellow white red,green, green,1,13.991987228393555
94,random_ablation_1, yellow white red green yellow white red,green, green,1,14.226696014404297
94,random_ablation_2, yellow white red green yellow white red,green, green,1,14.382707595825195
94,random_ablation_3, yellow white red green yellow white red,green, green,1,13.546219825744629
94,random_ablation_4, yellow white red green yellow white red,green, green,1,14.355175018310547
95,full, blue yellow red green blue yellow red,green, red,0,14.07973861694336
95,induction_ablation, blue yellow red green blue yellow red,green, red,0,14.678244590759277
95,random_ablation_0, blue yellow red green blue yellow red,green, green,1,14.330436706542969
95,random_ablation_1, blue yellow red green blue yellow red,green, red,0,14.120126724243164
95,random_ablation_2, blue yellow red green blue yellow red,green, red,0,14.329197883605957
95,random_ablation_3, blue yellow red green blue yellow red,green, green,1,13.63116455078125
95,random_ablation_4, blue yellow red green blue yellow red,green, green,1,14.260870933532715
